-14.32802581787135
7.4279937744140625
-18.54400634765625
-9.39602279663086
1.311996459960909
4.7160186767578125
-0.7039947509765625
-4.012001037597656
-0.3900032043457031
-8.570003509521449
3.91998291015625
-3.6519660949707813
6.460018157959105
4.877998352050781
-3.5400009155273438
2.417961120605561
-11.177970886230469
24.072006225585938
0.8000488281251137
6.802032470703125
11.376022338867188
17.495967864990234
-3.2940101623535156
-3.5199737548828125
-10.2080078125
0.4640007019042969
-5.133968353271484
0.7199935913085938
-11.739997863769531
1.7219886779785156
-3.6620025634765625
2.4840087890625
42.84001922607422
-0.1539993286132031
-0.4259986877441335
3.8280029296875
-0.3200149536132102
4.445949554443359
-0.5039901733398438
7.9199981689453125
7.52398681640625
7.703979492187415
-0.21599578857421875
1.6279869079590625
21.74395751953125
0.5319747924805682
7.0800018310546875
-1.1659889221191406
-10.5
-6.761997222900391
2.016021728515625
0.5039901733398438
0.7860031127929688
103.39401245117188
0.37396240234375
-6.786014556884766
2.814002990722706
6.188037872314453
-10.836021423339972
5.340003967285156
-5.279994964599531
5.148010253906271
3.839996337890625
2.11199951171875
3.64794921875
1.212005615234375
-14.2239990234375
3.8880157470703125
0.305999755859375
-7.61798095703125
20.202011108398438
-18.6719970703125
0.0
-2.847991943359375
-11.172004699707031
-13.970046997070312
0.10201263427734375
-3.2760162353515625
14.222023010253906
10.739936828613281
-15.10400390625
-6.8880615234375
0.8900070190429688
2.9399871826171875
31.968017578125
2.6240234375
15.23193359375
-2.12799072265625
49.27001190185547
0.0
35.05596923828125
5.376007080078125
-15.0400390625
28.27198028564453
8.268035888671875
1.212005615234375
-1.8480072021484375
-28.180007934570312
5.332000732421875
10.368003845214844
2.00799560546875
2.2139968872070312
4.5959930419921875
40.568038940429844
-50.43200683593773
-5.096031188964943
37.63201904296875
-8.875984191894531
-13.512039184570227
3.947998046875
9.2479248046875
30.509994506835938
-3.72796630859375
12.720031738281136
-16.268035888671676
48.08990478515646
-1.9080047607422728
7.4199829101563495
18.458015441894688
23.253982543945312
276.4059143066406
10.66009521484375
-17.711990356445312
9.808013916015625
52.559967041015625
-109.13606262207031
1.118011474609375
-0.0
186.4801025390625
10.24798583984375
0.0
-9.72802734375
-0.0
-5.9799957275390625
-14.588104248046875
-19.636016845703125
-11.840087890625
-193.79994201660156
38.29002380371101
110.02400207519531
-0.0
-20.244094848632812
0.308013916015625
51.22398376464844
5.2199554443359375
-53.58013916015625
-2.3879852294921875
-12.204002380371094
-77.40802001953125
-9.772003173828125
-3.9239959716796875
-33.33599853515625
21.175994873046875
-19.206024169921875
1.656005859375
88.6400146484375
-16.800064086913864
-69.22787475585963
28.08002471923828
-17.88599395751953
36.400024414062386
-71.80810546874977
-15.936012268066449
-70.77603149414045
14.112045288085938
1.709930419921875
-5.359992980957031
6.545997619628906
133.73805236816406
39.31182861328125
-29.2078857421875
11.308013916015625
-0.0
40.98014831542969
-86.80007934570312
45.0079345703125
-8.787994384765625
11.47198486328125
183.41995239257812
-37.12800598144531
28.952117919921875
-146.619873046875
-10.735992431640625
96.3040771484375
-17.26397705078125
13.37603759765625
2.26397705078125
5.1300048828125
37.40391540527344
-31.661911010742188
-11.947998046875
79.32200622558594
29.987869262695312
-22.6400146484375
-27.207839965820312
-7.904052734375
32.4801025390625
-1.0579986572265625
-59.39384460449219
-2.015869140625
-10.779953002929688
63.0
136.33981323242188
-13.140029907226562
-13.415969848632812
-81.599853515625
28.152191162109375
43.287933349609375
0.6600189208984375
79.60784912109477
-45.13600158691406
-17.888000488281307
87.73196411132812
-0.0
3.2639770507814774
2.688018798828125
-11.880035400390483
-19.142120361328125
2.32000732421875
-46.564056396484574
19.025985717773438
-49.05596923828105
137.1558837890625
131.95802307128932
43.95593261718767
-17.948074340820312
0.0
-54.54052734375
-7.824005126953125
-10.298431396484375
267.56982421875
-421.04400634765625
-15.6800537109375
0.60198974609375
28.1759033203125
-20.176025390625
198.384033203125
-28.62799072265625
-16.0078125
-630.3439025878906
3.16796875
41.84002685546875
-66.0238037109375
-6.426361083984375
-1.326263427735114
-252.71987915039062
42.96002197265625
-12.816162109375
-7.969970703125
-4.5
-84.29397583007812
-64.74618530273438
-25.93212890625
237.32794189453125
28.0
-28.55987548828068
507.64794921875
-16.6600341796875
16.2359619140625
169.38006591796875
2.0880126953125
-0.0
174.4200439453125
167.70602416992188
93.263916015625
-277.847900390625
913.0703735351572
-460.5304565429678
-569.159912109375
-2.990142822265625
248.1601562500009
-77.37002563476562
9.67999267578125
-223.0499267578125
-101.420013427735
309.35986328124955
13.20001220703125
7.56005859375
86.1298522949225
-46.320068359375455
-26.179931640625
-91.2899169921875
-49.60003662109375
383.8403320312491
263.5299072265625
-54.71972656249909
21.490051269531648
76.90002441406193
29.5999755859375
-0.0
37.27978515625091
-147.14996337890625
76.0198974609383
-175.27984619140705
42.5699462890625
4.499816894532103
0.0
46.07995605468773
-8.5799560546875
-44.309967041015796
-277.38006591796875
-117.71997070312432
-0.6599731445318753
-193.56005859375
-9.679931640625
86.49993896484375
0.9199829101563068
-135.98028564453125
11.3099365234375
-150.8798828125
117.18017578125
113.35986328125
-115.6798095703125
166.4301452636709
-12.299987792968636
-328.31982421875
-0.0
5.439941406249545
-55.929626464844716
-7.050018310546875
-12.599945068360228
-204.16030883789062
191.45004272460938
101.77984619140625
-67.0400390625
238.5496826171875
269.6396484375
95.760009765625
69.00054931640625
-346.1004638671875
-128.3001708984375
111.4200439453125
0.0
88.32965087890625
331.56024169921875
219.3299560546875
-196.840087890625
316.2000732421875
-20.080078125
354.11029052734375
-160.48046875
-21.83984375
415.65032958984375
130.4998779296875
-212.9400634765625
-61.27978515625
110.23974609375
338.04052734375
-86.56005859375
74.849853515625
0.0
28.39996337890625
92.78997802734375
194.65020751953125
-45.18017578125
691.3795166015625
312.26025390625
-114.63006591796875
258.1600341796875
24.74945068359375
0.0
-387.60040283203125
108.0
-132.6396484375
-30.030029296875
172.6202392578125
0.0
-49.7398681640625
-18.57000732421875
108.00994873046875
-401.169677734375
306.240234375
365.4298095703125
-312.6202392578125
-50.10009765625
101.2197265625
-43.75
-90.5595703125
-232.9200439453125
-11.700439453125
222.8997802734375
-130.68017578125
171.53997802734375
90.7197265625
-0.0
-0.0
183.55010986328125
573.2308349609375
-702.880859375
-49.0
56.6400146484375
-477.60040283203125
-278.31982421875
-309.2398681640625
-56.219970703125
-675.8997802734375
850.2003173828125
-161.199951171875
0.599853515625
237.2998046875
13.8499755859375
-370.57958984375
179.760009765625
-498.080078125
57.89013671875
-262.6204833984375
-108.88037109375
-301.11962890625
493.020263671875
-185.27978515625
-78.3006591796875
67.739990234375
149.16998291015625
-452.5399169921875
-216.5804443359375
25.08013916015625
-160.30029296875
64.1998291015625
-10.5
162.7996826171875
545.8199462890625
-346.23028564453125
-80.75
0.0
-44.729736328125
14.13006591796875
747.6495361328125
-174.47998046875
86.40032958984375
-47.59979248046875
-52.880126953125
-34.16912841796875
-67.530029296875
334.7998046875
-37.7999267578125
-10.6800537109375
-70.8399658203125
-189.42034912109375
118.2601318359375
-502.0406494140625
215.520263671875
-125.999755859375
-477.599609375
56.97015380859375
12.80029296875
108.5699462890625
65.460205078125
70.68017578125
-45.68994140625
447.1204833984375
-15.719970703125
69.4200439453125
10.6099853515625
-13.1201171875
-19.49981689453125
-105.070068359375
-260.6396484375
328.7794189453125
26.5999755859375
-252.45977783203125
-37.28948974609375
106.079833984375
-2.7197265625
49.14019775390625
-103.9801025390625
58.64013671875
29.419921875
49.70001220703125
-7.2999267578125
76.4403076171875
122.85003662109375
24.15008544921875
-0.0
256.1993408203125
-27.2301025390625
-0.07000732421875
-108.0
-0.3997802734375
-199.1700439453125
-294.2999267578125
342.1600341796875
41.47021484375
446.5
-302.260498046875
-277.919921875
-109.060546875
-177.82037353515625
97.979736328125
161.690185546875
-69.1201171875
-35.89996337890625
-5.9599609375
126.3504638671875
-111.719970703125
-0.14013671875
413.39996337890625
46.32000732421875
87.02984619140625
-9.260009765625
-0.56011962890625
-19.179931640625
-128.00048828125
46.67034912109375
-32.0
-9.780029296875
222.7396240234375
-98.1005859375
-245.7003173828125
-0.0
307.83984375
-42.66046142578125
-7.7698974609375
187.7398681640625
-35.0400390625
75.0596923828125
-21.4500732421875
117.63970947265625
194.280029296875
21.759765625
0.010009765625
-29.539794921875
19.80010986328125
77.5198974609375
-46.2601318359375
17.400146484375
-303.2894287109375
22.31982421875
7.679931640625
129.960205078125
54.07965087890625
39.7794189453125
-83.4102783203125
73.4404296875
159.78948974609375
-23.1197509765625
513.0
18.239990234375
-48.2000732421875
6.0400390625
-16.56005859375
-31.800537109375
-44.909912109375
-42.099609375
65.4998779296875
138.54937744140625
-128.640380859375
0.0
43.10980224609375
4.27032470703125
31.13018798828125
327.9306640625
164.88006591796875
-212.16015625
1.35003662109375
76.0
85.0799560546875
594.6396484375
-43.81964111328125
-21.6005859375
0.0
321.400146484375
190.7698974609375
214.8802490234375
621.010498046875
-40.5
-17.7301025390625
131.4990234375
-2851.8995361328125
402.77984619140625
-39.260009765625
-14.0799560546875
-59.35986328124682
565.6198120117188
280.5
-61.020263671875
572.8509521484375
-70.9794921875
-818.7197265625
356.099853515625
-122.8494873046875
252.0
1.9500732421875
-788.3994140625
-231.361328125
-488.740478515625
22.5
90.6005859375
308.75
-738.9203491210938
149.04052734375
-554.880859375
175.630126953125
45.5599365234375
-1216.4403076171875
17.79998779296875
-86.080078125
108.30017089843693
43.210021972656364
662.2001342773438
81.07958984375
-231.22021484375
-62.2503662109375
54.06005859375
-16.659912109375
260.150146484375
-279.7205810546875
-702.3603515625
-123.00048828125
-0.0
581.199951171875
0.0
492.659912109375
-1162.6483154296875
564.8696289062522
15.60009765625
-322.4195556640633
-255.7392578125
-576.84002685547
227.159912109375
58.80017089843591
-75.10009765625
-1251.1201171874986
133.10980224609375
384.0596923828125
-51.48028564453125
-292.76025390625
155.3802490234375
391.50054931640625
-164.49951171875
197.6396484375
-0.0
-30.56005859375091
-198.52001953124955
269.61004638671875
44.8599853515625
74.72021484375091
-369.100341796875
-464.3203125
-88.1998291015625
-265.56005859375
1003.800048828125
2.56005859375
443.35986328125
-31.8599853515625
54.320068359375
-355.32037353515625
-194.5799560546875
-982.679443359375
173.219970703125
58.469970703125
-0.0
-762.4506225585938
-71.199951171875
159.719970703125
405.98974609375
649.759765625
216.3001708984383
92.69989013671875
319.89990234375
76.67993164062455
50.280029296875
18.480102539063296
213.919921875
-16.840087890625
16.919677734375
-101.81982421875
34.3994140625
168.2098388671875
-810.720703125
-83.1298828125
24.3499755859375
-0.0
-0.0
-171.04003906250182
743.2196044921895
-114.31982421875
198.37933349609375
323.2603759765625
-422.39990234375
-197.849853515625
-128.1798095703125
323.850830078125
-2142.18017578125
-85.35003662109375
-337.049560546875
-440.85986328125
42.16998291015625
91.05010986328125
243.39996337890682
-1117.579833984375
-320.2496337890625
-690.7603759765625
-346.8603515625
-305.0
81.0
-38.8995361328125
-171.159912109375
71.25
-173.55010986328125
4.8399658203125
-250.4498291015625
79.52001953125
-76.11016845703125
279.60009765625
92.6199951171875
654.840087890625
-233.70025634765625
-29.5799560546875
170.1201171875
-52.260009765625
-273.299560546875
278.53948974609375
58.7396240234375
-173.400146484375
-26.33990478515625
-289.76971435546875
85.90997314453125
326.25
-433.6505126953125
139.7205810546875
634.0997924804688
52.25
-59.56964111328125
74.13006591796875
-213.439453125
-0.0
-114.570556640625
-1.320556640625
7.8997802734375
0.0
2.8599853515625
318.699951171875
379.34967041015625
-959.0394287109375
-192.6092529296875
0.0
92.25
3.6002197265625
-92.18988037109375
9.5401611328125
4.300048828125
448.19989013671875
-23.8599853515625
-22.7000732421875
-160.7197265625
594.54052734375
10.0
148.05010986328125
-12.0
256.75
79.09002685546875
-21.29992675781284
-43.5
-260.86962890625
-167.0400390625
-65.0400390625
-474.3994140625
321.89495849609375
